list(
nObs=585,
nInsect=203,
Y=structure(.Data=c(
1,3,1,0,5.1116,1,
1,1,1,0,NA,0,
2,3,1,0,5.3434,1,
2,1,1,0,NA,0,
3,3,1,0,2.4196,1,
3,1,1,0,0.71498,1,
4,3,1,0,5.6296,1,
4,1,1,0,1.5275,1,
5,3,1,0,5.3401,1,
5,1,1,0,0.4218,1,
6,3,1,0,5.5981,1,
6,1,1,0,0.6467,1,
7,3,1,0,5.4565,1,
7,1,1,0,NA,0,
8,3,1,0,4.1139,1,
8,1,1,0,0.70007,1,
9,3,1,0,5.1572,1,
9,1,1,0,0.68643,1,
10,3,1,0,3.1013,1,
10,1,1,0,NA,0,
11,3,1,0,5.8704,1,
11,1,1,0,NA,0,
12,3,1,0,5.8047,1,
12,1,1,0,NA,0,
13,3,1,0,5.5714,1,
13,1,1,0,0.71214,1,
14,3,1,0,5.1082,1,
14,1,1,0,NA,0,
15,3,1,0,4.6398,1,
15,1,1,0,0.75851,1,
16,3,1,0,3.1407,1,
16,1,1,0,NA,0,
17,3,1,0,5.4371,1,
17,1,1,0,NA,0,
18,3,1,0,2.6368,1,
18,2,1,0,0.62469,1,
18,1,1,0,NA,0,
19,3,1,0,3.9611,1,
19,2,1,0,2.1309,1,
19,1,1,0,NA,0,
20,3,1,0,2.8329,1,
20,2,1,0,1.59,1,
20,1,1,0,1.2134,1,
21,3,1,0,3.8315,1,
21,2,1,0,2.1187,1,
21,1,1,0,0.73634,1,
22,3,1,0,3.345,1,
22,2,1,0,NA,0,
22,1,1,0,NA,0,
23,3,1,0,3.6545,1,
23,2,1,0,NA,0,
23,1,1,0,NA,0,
24,3,1,0,5.5096,1,
24,2,1,0,3.1444,1,
24,1,1,0,NA,0,
25,3,1,0,3.1833,1,
25,2,1,0,1.0256,1,
25,1,1,0,1.1314,1,
26,3,1,0,4.1719,1,
26,2,1,0,1.4003,1,
26,1,1,0,1.247,1,
27,3,1,0,2.8994,1,
27,2,1,0,1.3015,1,
27,1,1,0,0.69267,1,
28,3,1,0,3.3366,1,
28,2,1,0,NA,0,
28,1,1,0,NA,0,
29,3,1,0,5.7872,1,
29,2,1,0,2.103,1,
29,1,1,0,1.6743,1,
30,3,1,0,NA,0,
30,2,1,0,NA,0,
30,1,1,0,NA,0,
31,3,1,0,3.7528,1,
31,2,1,0,0.98036,1,
31,1,1,0,NA,0,
32,3,1,0,3.7028,1,
32,2,1,0,2.2916,1,
32,1,1,0,2.0445,1,
33,3,1,0,4.8763,1,
33,2,1,0,NA,0,
33,1,1,0,NA,0,
34,3,1,0,3.2162,1,
34,2,1,0,0.47196,1,
34,1,1,0,NA,0,
35,3,1,0,6.208,1,
35,2,1,0,2.3902,1,
35,1,1,0,1.367,1,
36,3,1,0,3.4528,1,
36,2,1,0,1.4297,1,
36,1,1,0,0.9832,1,
37,3,1,0,2.675,1,
37,2,1,0,0.71436,1,
37,1,1,0,NA,0,
38,3,1,0,NA,0,
38,2,1,0,NA,0,
38,1,1,0,NA,0,
39,3,1,4,0.70648,1,
39,2,1,4,NA,0,
39,1,1,4,1.4452,1,
40,3,1,4,NA,0,
40,2,1,4,NA,0,
40,1,1,4,NA,0,
41,3,1,4,NA,0,
41,2,1,4,NA,0,
41,1,1,4,NA,0,
42,3,1,4,NA,0,
42,2,1,4,1.9101,1,
42,1,1,4,NA,0,
43,3,1,4,NA,0,
43,2,1,4,NA,0,
43,1,1,4,NA,0,
44,3,1,4,NA,0,
44,2,1,4,NA,0,
44,1,1,4,NA,0,
45,3,1,4,NA,0,
45,2,1,4,NA,0,
45,1,1,4,NA,0,
46,3,1,4,NA,0,
46,2,1,4,NA,0,
46,1,1,4,NA,0,
47,3,1,4,NA,0,
47,2,1,4,NA,0,
47,1,1,4,NA,0,
48,3,1,4,1.248,1,
48,2,1,4,NA,0,
48,1,1,4,NA,0,
49,3,1,4,NA,0,
49,2,1,4,1.2838,1,
49,1,1,4,NA,0,
50,3,1,4,NA,0,
50,2,1,4,NA,0,
50,1,1,4,NA,0,
51,3,1,4,NA,0,
51,2,1,4,NA,0,
51,1,1,4,NA,0,
52,3,1,4,NA,0,
52,2,1,4,NA,0,
52,1,1,4,NA,0,
53,3,1,4,NA,0,
53,2,1,4,NA,0,
53,1,1,4,NA,0,
54,3,1,4,NA,0,
54,2,1,4,NA,0,
54,1,1,4,1.2207,1,
55,3,1,4,NA,0,
55,2,1,4,NA,0,
55,1,1,4,0.94044,1,
56,3,1,4,NA,0,
56,2,1,4,1.2492,1,
56,1,1,4,NA,0,
57,3,1,4,NA,0,
57,2,1,4,NA,0,
57,1,1,4,NA,0,
58,3,1,4,NA,0,
58,2,1,4,0.94765,1,
58,1,1,4,NA,0,
59,3,1,4,NA,0,
59,2,1,4,NA,0,
59,1,1,4,NA,0,
60,3,1,4,NA,0,
60,2,1,4,NA,0,
60,1,1,4,NA,0,
61,3,1,4,1.073,1,
61,2,1,4,NA,0,
61,1,1,4,0.98534,1,
62,3,1,4,0.99175,1,
62,2,1,4,NA,0,
62,1,1,4,NA,0,
63,3,1,4,NA,0,
63,2,1,4,1.4365,1,
63,1,1,4,NA,0,
64,3,1,4,NA,0,
64,2,1,4,NA,0,
64,1,1,4,0.92539,1,
65,3,1,4,NA,0,
65,2,1,4,NA,0,
65,1,1,4,NA,0,
66,3,1,4,NA,0,
66,2,1,4,NA,0,
66,1,1,4,NA,0,
67,3,1,4,NA,0,
67,2,1,4,NA,0,
67,1,1,4,0.94342,1,
68,3,1,4,1.6193,1,
68,2,1,4,NA,0,
68,1,1,4,0.99585,1,
69,3,1,4,NA,0,
69,2,1,4,NA,0,
69,1,1,4,NA,0,
70,3,1,4,1.3754,1,
70,2,1,4,1.4446,1,
70,1,1,4,NA,0,
71,3,1,4,NA,0,
71,2,1,4,NA,0,
71,1,1,4,NA,0,
72,3,1,4,NA,0,
72,2,1,4,NA,0,
72,1,1,4,NA,0,
73,3,1,4,NA,0,
73,2,1,4,NA,0,
73,1,1,4,NA,0,
74,3,1,4,NA,0,
74,2,1,4,NA,0,
74,1,1,4,1.4381,1,
75,3,1,4,NA,0,
75,2,1,4,NA,0,
75,1,1,4,NA,0,
76,3,1,4,NA,0,
76,2,1,4,NA,0,
76,1,1,4,1.243,1,
77,3,1,4,NA,0,
77,2,1,4,NA,0,
77,1,1,4,NA,0,
78,3,1,8,NA,0,
78,2,1,8,NA,0,
78,1,1,8,NA,0,
79,3,1,8,NA,0,
79,2,1,8,NA,0,
79,1,1,8,NA,0,
80,3,1,8,NA,0,
80,2,1,8,NA,0,
80,1,1,8,1.4713,1,
81,3,1,8,NA,0,
81,2,1,8,NA,0,
81,1,1,8,NA,0,
82,3,1,8,NA,0,
82,2,1,8,NA,0,
82,1,1,8,NA,0,
83,3,1,8,NA,0,
83,2,1,8,NA,0,
83,1,1,8,NA,0,
84,3,1,8,NA,0,
84,2,1,8,NA,0,
84,1,1,8,NA,0,
85,3,1,8,NA,0,
85,2,1,8,NA,0,
85,1,1,8,NA,0,
86,3,1,8,NA,0,
86,2,1,8,NA,0,
86,1,1,8,NA,0,
87,3,1,8,1.059,1,
87,2,1,8,NA,0,
87,1,1,8,NA,0,
88,3,1,8,NA,0,
88,2,1,8,NA,0,
88,1,1,8,NA,0,
89,3,1,8,NA,0,
89,2,1,8,NA,0,
89,1,1,8,NA,0,
90,3,1,8,NA,0,
90,2,1,8,0.29896,1,
90,1,1,8,NA,0,
91,3,1,8,NA,0,
91,2,1,8,NA,0,
91,1,1,8,NA,0,
92,3,1,8,NA,0,
92,2,1,8,NA,0,
92,1,1,8,NA,0,
93,3,1,8,NA,0,
93,2,1,8,NA,0,
93,1,1,8,NA,0,
94,3,1,8,NA,0,
94,2,1,8,0.87113,1,
94,1,1,8,NA,0,
95,3,1,8,NA,0,
95,2,1,8,NA,0,
95,1,1,8,NA,0,
96,3,1,8,NA,0,
96,2,1,8,NA,0,
96,1,1,8,NA,0,
97,3,1,8,NA,0,
97,2,1,8,NA,0,
97,1,1,8,NA,0,
98,3,1,8,NA,0,
98,2,1,8,NA,0,
98,1,1,8,NA,0,
99,3,1,8,NA,0,
99,2,1,8,NA,0,
99,1,1,8,NA,0,
100,3,1,8,NA,0,
100,2,1,8,NA,0,
100,1,1,8,NA,0,
101,3,1,8,NA,0,
101,2,1,8,NA,0,
101,1,1,8,NA,0,
102,3,1,8,NA,0,
102,2,1,8,NA,0,
102,1,1,8,NA,0,
103,3,1,8,NA,0,
103,2,1,8,1.5898,1,
103,1,1,8,NA,0,
104,3,1,8,NA,0,
104,2,1,8,2.131,1,
104,1,1,8,2.6263,1,
105,3,1,8,NA,0,
105,2,1,8,NA,0,
105,1,1,8,NA,0,
106,3,1,8,NA,0,
106,2,1,8,1.2416,1,
106,1,1,8,NA,0,
107,3,1,8,NA,0,
107,2,1,8,NA,0,
107,1,1,8,NA,0,
108,3,1,8,NA,0,
108,2,1,8,NA,0,
108,1,1,8,NA,0,
109,3,1,8,NA,0,
109,2,1,8,NA,0,
109,1,1,8,NA,0,
110,3,2,0,5.358,1,
110,2,2,0,NA,0,
110,1,2,0,NA,0,
111,3,2,0,6.1791,1,
111,2,2,0,0.78258,1,
111,1,2,0,0.67531,1,
112,3,2,0,6.0984,1,
112,2,2,0,2.7747,1,
112,1,2,0,2.3453,1,
113,3,2,0,5.3656,1,
113,2,2,0,1.5978,1,
113,1,2,0,NA,0,
114,3,2,0,3.2843,1,
114,2,2,0,1.863,1,
114,1,2,0,NA,0,
115,3,2,0,4.8586,1,
115,2,2,0,2.4362,1,
115,1,2,0,0.80945,1,
116,3,2,0,5.2332,1,
116,2,2,0,4.2914,1,
116,1,2,0,1.9629,1,
117,3,2,0,5.8956,1,
117,2,2,0,3.5888,1,
117,1,2,0,NA,0,
118,3,2,0,4.7958,1,
118,2,2,0,1.2808,1,
118,1,2,0,1.1219,1,
119,3,3,0,1.5338,1,
119,1,3,0,NA,0,
120,3,3,0,1.5579,1,
120,1,3,0,NA,0,
121,3,3,0,2.1112,1,
121,1,3,0,NA,0,
122,3,3,0,1.8451,1,
122,1,3,0,NA,0,
123,3,3,0,1.322,1,
123,1,3,0,NA,0,
124,3,3,0,2.1996,1,
124,1,3,0,NA,0,
125,3,3,0,2.1618,1,
125,1,3,0,NA,0,
126,3,2,0,6.1088,1,
126,2,2,0,2.0852,1,
126,1,2,0,1.1634,1,
127,3,2,0,6.0978,1,
127,2,2,0,2.6413,1,
127,1,2,0,NA,0,
128,3,2,0,6.1976,1,
128,2,2,0,2.7737,1,
128,1,2,0,2.5002,1,
129,3,2,0,6.2901,1,
129,2,2,0,3.5357,1,
129,1,2,0,2.6685,1,
130,3,2,0,6.2982,1,
130,2,2,0,1.7039,1,
130,1,2,0,NA,0,
131,3,2,0,6.2876,1,
131,2,2,0,2.6752,1,
131,1,2,0,1.2425,1,
132,3,3,0,2.302,1,
132,2,3,0,NA,0,
132,1,3,0,NA,0,
133,3,3,0,1.8164,1,
133,2,3,0,NA,0,
133,1,3,0,NA,0,
134,3,3,0,1.9095,1,
134,2,3,0,NA,0,
134,1,3,0,NA,0,
135,3,3,0,2.4873,1,
135,2,3,0,NA,0,
135,1,3,0,NA,0,
136,3,3,0,2.5047,1,
136,2,3,0,NA,0,
136,1,3,0,NA,0,
137,3,3,0,2.2565,1,
137,2,3,0,NA,0,
137,1,3,0,NA,0,
138,3,3,0,2.1945,1,
138,2,3,0,NA,0,
138,1,3,0,NA,0,
139,3,2,4,NA,0,
139,2,2,4,NA,0,
139,1,2,4,NA,0,
140,3,2,4,2.5741,1,
140,2,2,4,2.1659,1,
140,1,2,4,0.92712,1,
141,3,2,4,2.3517,1,
141,2,2,4,1.9204,1,
141,1,2,4,1.1541,1,
142,3,2,4,NA,0,
142,2,2,4,NA,0,
142,1,2,4,NA,0,
143,3,2,4,1.1326,1,
143,2,2,4,NA,0,
143,1,2,4,1.3838,1,
144,3,2,4,1.9567,1,
144,2,2,4,NA,0,
144,1,2,4,0.87795,1,
145,3,2,4,NA,0,
145,2,2,4,NA,0,
145,1,2,4,NA,0,
146,3,2,4,2.1622,1,
146,2,2,4,NA,0,
146,1,2,4,0.9006,1,
147,3,2,4,NA,0,
147,2,2,4,1.2255,1,
147,1,2,4,1.1426,1,
148,3,2,4,NA,0,
148,2,2,4,1.0874,1,
148,1,2,4,0.93809,1,
149,3,2,4,NA,0,
149,2,2,4,NA,0,
149,1,2,4,2.0522,1,
150,3,3,4,NA,0,
150,2,3,4,NA,0,
150,1,3,4,2.3434,1,
151,3,3,4,NA,0,
151,2,3,4,NA,0,
151,1,3,4,NA,0,
152,3,3,4,NA,0,
152,2,3,4,NA,0,
152,1,3,4,0.94931,1,
153,3,3,4,NA,0,
153,2,3,4,NA,0,
153,1,3,4,NA,0,
154,3,3,4,NA,0,
154,2,3,4,NA,0,
154,1,3,4,NA,0,
155,3,3,4,NA,0,
155,2,3,4,NA,0,
155,1,3,4,NA,0,
156,3,3,4,NA,0,
156,2,3,4,NA,0,
156,1,3,4,NA,0,
