list(
nObs=822,
nInsect=411,
nSpp=4,
Y=structure(.Data=c(
1,1,1,3,2.2944,0,0,
1,1,2,3,2.2944,0,1,
2,1,1,3,2.2944,0,0,
2,1,2,3,2.2944,0,1,
3,1,1,3,2.2944,0,0,
3,1,2,3,2.2944,0,1,
4,1,1,3,2.2944,0,0,
4,1,2,3,2.2944,0,1,
5,1,1,3,2.879,0,0,
5,1,2,3,2.879,0,1,
6,1,1,3,2.879,0,0,
6,1,2,3,2.879,0,1,
7,1,1,3,2.879,0,0,
7,1,2,3,2.879,0,1,
8,1,1,3,2.879,0,0,
8,1,2,3,2.879,0,1,
9,1,1,3,2.2944,2,0,
9,1,2,3,2.2944,2,1,
10,1,1,3,2.2944,2,0,
10,1,2,3,2.2944,2,0,
11,1,1,3,2.2944,2,0,
11,1,2,3,2.2944,2,0,
12,1,1,3,2.2944,2,0,
12,1,2,3,2.2944,2,0,
13,1,1,3,2.879,2,0,
13,1,2,3,2.879,2,0,
14,1,1,3,2.879,2,0,
14,1,2,3,2.879,2,1,
15,1,1,3,2.879,2,0,
15,1,2,3,2.879,2,0,
16,1,1,3,2.2944,4,0,
16,1,2,3,2.2944,4,0,
17,1,1,3,2.2944,4,0,
17,1,2,3,2.2944,4,0,
18,1,1,3,2.2944,4,0,
18,1,2,3,2.2944,4,0,
19,1,1,3,2.2944,4,0,
19,1,2,3,2.2944,4,0,
20,1,1,3,2.879,4,0,
20,1,2,3,2.879,4,0,
21,1,1,3,2.879,4,0,
21,1,2,3,2.879,4,0,
22,1,1,3,2.879,4,0,
22,1,2,3,2.879,4,0,
23,1,1,3,2.879,4,0,
23,1,2,3,2.879,4,0,
24,1,1,3,2.2944,8,0,
24,1,2,3,2.2944,8,0,
25,1,1,3,2.2944,8,0,
25,1,2,3,2.2944,8,0,
26,1,1,3,2.2944,8,0,
26,1,2,3,2.2944,8,0,
27,1,1,3,2.2944,8,0,
27,1,2,3,2.2944,8,0,
28,1,1,3,2.879,8,0,
28,1,2,3,2.879,8,0,
29,1,1,3,2.879,8,0,
29,1,2,3,2.879,8,0,
30,1,1,3,2.879,8,0,
30,1,2,3,2.879,8,0,
31,1,1,3,2.879,8,0,
31,1,2,3,2.879,8,0,
32,1,1,2,7.1243,0,1,
32,1,2,2,7.1243,0,1,
33,1,1,2,7.1243,0,1,
33,1,2,2,7.1243,0,1,
34,1,1,2,7.1243,0,1,
34,1,2,2,7.1243,0,1,
35,1,1,2,7.1243,0,0,
35,1,2,2,7.1243,0,1,
36,1,1,2,6.7244,0,0,
36,1,2,2,6.7244,0,1,
37,1,1,2,6.7244,0,0,
37,1,2,2,6.7244,0,1,
38,1,1,2,6.7244,0,0,
38,1,2,2,6.7244,0,1,
39,1,1,2,6.4125,0,0,
39,1,2,2,6.4125,0,1,
40,1,1,2,6.4125,0,1,
40,1,2,2,6.4125,0,1,
41,1,1,2,6.4125,0,0,
41,1,2,2,6.4125,0,1,
42,1,1,2,6.4125,0,0,
42,1,2,2,6.4125,0,1,
43,1,1,2,7.1243,2,1,
43,1,2,2,7.1243,2,1,
44,1,1,2,7.1243,2,1,
44,1,2,2,7.1243,2,1,
45,1,1,2,7.1243,2,1,
45,1,2,2,7.1243,2,0,
46,1,1,2,7.1243,2,0,
46,1,2,2,7.1243,2,0,
47,1,1,2,6.7244,2,0,
47,1,2,2,6.7244,2,1,
48,1,1,2,6.7244,2,1,
48,1,2,2,6.7244,2,1,
49,1,1,2,6.7244,2,0,
49,1,2,2,6.7244,2,1,
50,1,1,2,6.7244,2,0,
50,1,2,2,6.7244,2,1,
51,1,1,2,6.4125,2,0,
51,1,2,2,6.4125,2,0,
52,1,1,2,6.4125,2,1,
52,1,2,2,6.4125,2,1,
53,1,1,2,6.4125,2,1,
53,1,2,2,6.4125,2,1,
54,1,1,2,6.4125,2,1,
54,1,2,2,6.4125,2,1,
55,1,1,2,7.1243,4,0,
55,1,2,2,7.1243,4,1,
56,1,1,2,7.1243,4,0,
56,1,2,2,7.1243,4,1,
57,1,1,2,7.1243,4,0,
57,1,2,2,7.1243,4,0,
58,1,1,2,7.1243,4,0,
58,1,2,2,7.1243,4,0,
59,1,1,2,6.7244,4,0,
59,1,2,2,6.7244,4,1,
60,1,1,2,6.7244,4,1,
60,1,2,2,6.7244,4,1,
61,1,1,2,6.7244,4,0,
61,1,2,2,6.7244,4,1,
62,1,1,2,6.7244,4,0,
62,1,2,2,6.7244,4,0,
63,1,1,2,6.4125,4,0,
63,1,2,2,6.4125,4,0,
64,1,1,2,6.4125,4,1,
64,1,2,2,6.4125,4,1,
65,1,1,2,6.4125,4,0,
65,1,2,2,6.4125,4,0,
66,1,1,2,6.4125,4,0,
66,1,2,2,6.4125,4,0,
67,1,1,2,7.1243,8,0,
67,1,2,2,7.1243,8,0,
68,1,1,2,7.1243,8,0,
68,1,2,2,7.1243,8,0,
69,1,1,2,7.1243,8,0,
69,1,2,2,7.1243,8,1,
70,1,1,2,7.1243,8,1,
70,1,2,2,7.1243,8,0,
71,1,1,2,6.7244,8,0,
71,1,2,2,6.7244,8,0,
72,1,1,2,6.7244,8,0,
72,1,2,2,6.7244,8,0,
73,1,1,2,6.7244,8,0,
73,1,2,2,6.7244,8,0,
74,1,1,2,6.7244,8,0,
74,1,2,2,6.7244,8,0,
75,1,1,2,6.4125,8,1,
75,1,2,2,6.4125,8,1,
76,1,1,2,6.4125,8,0,
76,1,2,2,6.4125,8,0,
77,1,1,2,6.4125,8,0,
77,1,2,2,6.4125,8,0,
78,1,1,2,6.4125,8,0,
78,1,2,2,6.4125,8,0,
79,1,1,1,2.2944,0,0,
79,1,2,1,2.2944,0,0,
80,1,1,1,2.2944,0,0,
80,1,2,1,2.2944,0,1,
81,1,1,1,2.2944,0,0,
81,1,2,1,2.2944,0,1,
82,1,1,1,2.2944,0,0,
82,1,2,1,2.2944,0,0,
83,1,1,1,2.879,0,0,
83,1,2,1,2.879,0,1,
84,1,1,1,2.879,0,0,
84,1,2,1,2.879,0,0,
85,1,1,1,2.879,0,0,
85,1,2,1,2.879,0,0,
86,1,1,1,2.879,0,0,
86,1,2,1,2.879,0,1,
87,1,1,1,1.0402,0,0,
87,1,2,1,1.0402,0,0,
88,1,1,1,1.0402,0,0,
88,1,2,1,1.0402,0,0,
89,1,1,1,1.0402,0,0,
89,1,2,1,1.0402,0,1,
90,1,1,1,1.0402,0,0,
90,1,2,1,1.0402,0,1,
91,1,1,1,2.2944,2,0,
91,1,2,1,2.2944,2,0,
92,1,1,1,2.2944,2,0,
92,1,2,1,2.2944,2,0,
93,1,1,1,2.2944,2,0,
93,1,2,1,2.2944,2,0,
94,1,1,1,2.2944,2,0,
94,1,2,1,2.2944,2,0,
95,1,1,1,2.879,2,0,
95,1,2,1,2.879,2,0,
96,1,1,1,2.879,2,0,
96,1,2,1,2.879,2,0,
97,1,1,1,2.879,2,0,
97,1,2,1,2.879,2,0,
98,1,1,1,2.879,2,0,
98,1,2,1,2.879,2,1,
99,1,1,1,1.0402,2,0,
99,1,2,1,1.0402,2,0,
100,1,1,1,1.0402,2,0,
100,1,2,1,1.0402,2,0,
101,1,1,1,1.0402,2,0,
101,1,2,1,1.0402,2,0,
102,1,1,1,1.0402,2,0,
102,1,2,1,1.0402,2,0,
103,1,1,1,2.2944,4,0,
103,1,2,1,2.2944,4,0,
104,1,1,1,2.2944,4,0,
104,1,2,1,2.2944,4,0,
105,1,1,1,2.2944,4,0,
105,1,2,1,2.2944,4,0,
106,1,1,1,2.2944,4,0,
106,1,2,1,2.2944,4,0,
107,1,1,1,2.879,4,0,
107,1,2,1,2.879,4,0,
108,1,1,1,2.879,4,0,
108,1,2,1,2.879,4,0,
109,1,1,1,2.879,4,0,
109,1,2,1,2.879,4,0,
110,1,1,1,2.879,4,0,
110,1,2,1,2.879,4,0,
111,1,1,1,1.0402,4,0,
111,1,2,1,1.0402,4,0,
112,1,1,1,1.0402,4,0,
112,1,2,1,1.0402,4,0,
113,1,1,1,1.0402,4,0,
113,1,2,1,1.0402,4,0,
114,1,1,1,2.2944,8,0,
114,1,2,1,2.2944,8,0,
115,1,1,1,2.2944,8,0,
115,1,2,1,2.2944,8,0,
116,1,1,1,2.2944,8,0,
116,1,2,1,2.2944,8,0,
117,1,1,1,2.2944,8,0,
117,1,2,1,2.2944,8,0,
118,1,1,1,2.879,8,0,
118,1,2,1,2.879,8,0,
119,1,1,1,2.879,8,0,
119,1,2,1,2.879,8,0,
120,1,1,1,2.879,8,0,
120,1,2,1,2.879,8,0,
121,1,1,1,2.879,8,0,
121,1,2,1,2.879,8,0,
122,1,1,1,1.0402,8,0,
122,1,2,1,1.0402,8,0,
123,1,1,1,1.0402,8,0,
123,1,2,1,1.0402,8,0,
124,1,1,1,1.0402,8,0,
124,1,2,1,1.0402,8,0,
125,1,1,1,1.0402,8,0,
125,1,2,1,1.0402,8,0,
126,2,1,3,2.2944,0,0,
126,2,2,3,2.2944,0,1,
127,2,1,3,2.2944,0,0,
127,2,2,3,2.2944,0,1,
128,2,1,3,2.2944,0,0,
128,2,2,3,2.2944,0,1,
129,2,1,3,2.2944,0,0,
129,2,2,3,2.2944,0,1,
130,2,1,3,2.879,0,0,
130,2,2,3,2.879,0,1,
131,2,1,3,2.879,0,0,
131,2,2,3,2.879,0,1,
132,2,1,3,2.879,0,0,
132,2,2,3,2.879,0,1,
133,2,1,3,2.879,0,0,
133,2,2,3,2.879,0,1,
134,2,1,3,2.2944,2,0,
134,2,2,3,2.2944,2,0,
135,2,1,3,2.2944,2,0,
135,2,2,3,2.2944,2,0,
136,2,1,3,2.2944,2,0,
136,2,2,3,2.2944,2,0,
137,2,1,3,2.2944,2,0,
137,2,2,3,2.2944,2,0,
138,2,1,3,2.879,2,0,
138,2,2,3,2.879,2,1,
139,2,1,3,2.879,2,0,
139,2,2,3,2.879,2,1,
140,2,1,3,2.879,2,0,
140,2,2,3,2.879,2,1,
141,2,1,3,2.879,2,0,
141,2,2,3,2.879,2,1,
142,2,1,3,2.2944,4,0,
142,2,2,3,2.2944,4,0,
143,2,1,3,2.2944,4,0,
143,2,2,3,2.2944,4,0,
144,2,1,3,2.2944,4,0,
144,2,2,3,2.2944,4,0,
145,2,1,3,2.2944,4,0,
145,2,2,3,2.2944,4,0,
146,2,1,3,2.879,4,0,
146,2,2,3,2.879,4,0,
147,2,1,3,2.879,4,0,
147,2,2,3,2.879,4,1,
148,2,1,3,2.879,4,0,
148,2,2,3,2.879,4,1,
149,2,1,3,2.879,4,0,
149,2,2,3,2.879,4,0,
150,2,1,3,2.2944,8,0,
150,2,2,3,2.2944,8,0,
151,2,1,3,2.2944,8,0,
151,2,2,3,2.2944,8,0,
152,2,1,3,2.2944,8,0,
152,2,2,3,2.2944,8,0,
153,2,1,3,2.2944,8,0,
153,2,2,3,2.2944,8,0,
154,2,1,3,2.879,8,0,
154,2,2,3,2.879,8,0,
155,2,1,3,2.879,8,0,
155,2,2,3,2.879,8,0,
156,2,1,3,2.879,8,0,
156,2,2,3,2.879,8,0,
157,2,1,3,2.879,8,0,
157,2,2,3,2.879,8,0,
158,2,1,2,5.3928,0,0,
158,2,2,2,5.3928,0,0,
159,2,1,2,5.3928,0,1,
159,2,2,2,5.3928,0,1,
160,2,1,2,5.3928,0,1,
160,2,2,2,5.3928,0,1,
161,2,1,2,5.3928,0,1,
161,2,2,2,5.3928,0,1,
162,2,1,2,5.3928,2,0,
162,2,2,2,5.3928,2,1,
163,2,1,2,5.3928,2,0,
163,2,2,2,5.3928,2,1,
164,2,1,2,5.3928,2,0,
164,2,2,2,5.3928,2,1,
165,2,1,2,5.3928,2,1,
165,2,2,2,5.3928,2,1,
166,2,1,2,5.3928,4,0,
166,2,2,2,5.3928,4,1,
167,2,1,2,5.3928,4,0,
167,2,2,2,5.3928,4,1,
168,2,1,2,5.3928,4,0,
168,2,2,2,5.3928,4,1,
169,2,1,2,5.3928,4,0,
169,2,2,2,5.3928,4,1,
170,2,1,2,5.3928,8,0,
170,2,2,2,5.3928,8,1,
171,2,1,2,5.3928,8,0,
171,2,2,2,5.3928,8,0,
172,2,1,2,5.3928,8,0,
172,2,2,2,5.3928,8,0,
173,2,1,2,5.3928,8,1,
173,2,2,2,5.3928,8,0,
174,2,1,1,2.2944,0,0,
174,2,2,1,2.2944,0,0,
175,2,1,1,2.2944,0,0,
175,2,2,1,2.2944,0,0,
176,2,1,1,2.2944,0,0,
176,2,2,1,2.2944,0,0,
177,2,1,1,2.2944,0,0,
177,2,2,1,2.2944,0,0,
178,2,1,1,2.879,0,0,
178,2,2,1,2.879,0,0,
179,2,1,1,2.879,0,0,
179,2,2,1,2.879,0,0,
